<?xml version="1.0" encoding="UTF-8"?>
<COLLADA xmlns="http://www.collada.org/2005/11/COLLADASchema" version="1.4.1">
 <asset>
  <contributor>
   <authoring_tool>SceneKit Collada Exporter v1.0</authoring_tool>
  </contributor>
  <created>2016-07-17T10:54:30Z</created>
  <modified>2016-07-17T10:54:30Z</modified>
  <unit meter="1.000000"/>
  <up_axis>Z_UP</up_axis>
 </asset>
 <library_animations>
  <animation id="Armature_upper_leg_R_pose_matrix">
   <source id="genericSource1">
    <float_array id="Armature_upper_leg_R_pose_matrix2-array" count="2">0 1 </float_array>
    <technique_common>
     <accessor source="#Armature_upper_leg_R_pose_matrix2-array" count="2" stride="1">
      <param name="TIME" type="float"/>
     </accessor>
    </technique_common>
   </source>
   <source id="genericSource3">
    <float_array id="Armature_upper_leg_R_pose_matrix4-array" count="32">-0.926757 0.100669 0.36192 0 -0.370273 -0.0822135 -0.925278 1.77848 -0.0633923 -0.991517 0.113467 0 0 0 0 1 -0.93894 0.0495277 0.340497 0 -0.34408 -0.133599 -0.929387 1.77848 -0.000540823 -0.989797 0.142483 0 0 0 0 1 </float_array>
    <technique_common>
     <accessor source="#Armature_upper_leg_R_pose_matrix4-array" count="2" stride="16">
      <param name="TRANSFORM" type="float4x4"/>
     </accessor>
    </technique_common>
   </source>
   <sampler id="Armature_upper_leg_R_pose_matrix5">
    <input semantic="INPUT" source="#genericSource1"/>
    <input semantic="OUTPUT" source="#genericSource3"/>
   </sampler>
   <channel source="#Armature_upper_leg_R_pose_matrix5" target="upper_leg_R/SID_1"/>
  </animation>
  <animation id="Armature_hip_L_pose_matrix">
   <source id="genericSource6">
    <float_array id="Armature_hip_L_pose_matrix7-array" count="2">0 1 </float_array>
    <technique_common>
     <accessor source="#Armature_hip_L_pose_matrix7-array" count="2" stride="1">
      <param name="TIME" type="float"/>
     </accessor>
    </technique_common>
   </source>
   <source id="genericSource8">
    <float_array id="Armature_hip_L_pose_matrix9-array" count="32">-0.173156 -0.978617 -0.111017 1.2559e-09 -0.100348 -0.0946035 0.990444 -4.76837e-07 -0.979769 0.182642 -0.0818209 -7.15256e-07 0 0 0 1 0.0670199 -0.990634 -0.118968 1.2559e-09 -0.0737074 -0.123825 0.989563 -4.76837e-07 -0.995026 -0.0575517 -0.0813158 -7.15256e-07 0 0 0 1 </float_array>
    <technique_common>
     <accessor source="#Armature_hip_L_pose_matrix9-array" count="2" stride="16">
      <param name="TRANSFORM" type="float4x4"/>
     </accessor>
    </technique_common>
   </source>
   <sampler id="Armature_hip_L_pose_matrix10">
    <input semantic="INPUT" source="#genericSource6"/>
    <input semantic="OUTPUT" source="#genericSource8"/>
   </sampler>
   <channel source="#Armature_hip_L_pose_matrix10" target="hip_L/SID_2"/>
  </animation>
  <animation id="Armature_master_pose_matrix">
   <source id="genericSource11">
    <float_array id="Armature_master_pose_matrix12-array" count="2">0 1 </float_array>
    <technique_common>
     <accessor source="#Armature_master_pose_matrix12-array" count="2" stride="1">
      <param name="TIME" type="float"/>
     </accessor>
    </technique_common>
   </source>
   <source id="genericSource13">
    <float_array id="Armature_master_pose_matrix14-array" count="32">0.999836 0.0180874 -6.89761e-08 0 -0.0180233 0.996291 -0.0841335 2.27531 -0.00152169 0.0841197 0.996454 -0.250277 0 0 0 1 0.999836 0.0180874 -6.89761e-08 0 -0.0180233 0.996291 -0.0841335 2.27531 -0.00152169 0.0841197 0.996454 -0.250277 0 0 0 1 </float_array>
    <technique_common>
     <accessor source="#Armature_master_pose_matrix14-array" count="2" stride="16">
      <param name="TRANSFORM" type="float4x4"/>
     </accessor>
    </technique_common>
   </source>
   <sampler id="Armature_master_pose_matrix15">
    <input semantic="INPUT" source="#genericSource11"/>
    <input semantic="OUTPUT" source="#genericSource13"/>
   </sampler>
   <channel source="#Armature_master_pose_matrix15" target="master/SID_3"/>
  </animation>
  <animation id="Armature_lower_leg_R_pose_matrix">
   <source id="genericSource16">
    <float_array id="Armature_lower_leg_R_pose_matrix17-array" count="2">0 1 </float_array>
    <technique_common>
     <accessor source="#Armature_lower_leg_R_pose_matrix17-array" count="2" stride="1">
      <param name="TIME" type="float"/>
     </accessor>
    </technique_common>
   </source>
   <source id="genericSource18">
    <float_array id="Armature_lower_leg_R_pose_matrix19-array" count="32">-0.198762 0.196654 0.960115 1.19209e-07 0.017221 0.980211 -0.197205 3.71008 -0.979896 -0.0226628 -0.198216 0 0 0 0 1 -0.442529 0.00265074 0.89675 2.38419e-07 0.00517976 0.999987 -0.000400033 3.71008 -0.896739 0.00446792 -0.442537 -9.53674e-07 0 0 0 1 </float_array>
    <technique_common>
     <accessor source="#Armature_lower_leg_R_pose_matrix19-array" count="2" stride="16">
      <param name="TRANSFORM" type="float4x4"/>
     </accessor>
    </technique_common>
   </source>
   <sampler id="Armature_lower_leg_R_pose_matrix20">
    <input semantic="INPUT" source="#genericSource16"/>
    <input semantic="OUTPUT" source="#genericSource18"/>
   </sampler>
   <channel source="#Armature_lower_leg_R_pose_matrix20" target="lower_leg_R/SID_4"/>
  </animation>
  <animation id="Armature_spine1_pose_matrix">
   <source id="genericSource21">
    <float_array id="Armature_spine1_pose_matrix22-array" count="2">0 1 </float_array>
    <technique_common>
     <accessor source="#Armature_spine1_pose_matrix22-array" count="2" stride="1">
      <param name="TIME" type="float"/>
     </accessor>
    </technique_common>
   </source>
   <source id="genericSource23">
    <float_array id="Armature_spine1_pose_matrix24-array" count="32">0.999836 0.00032257 0.0180848 -0.00112459 0.0180877 -0.0178272 -0.999677 0.062151 -6.51254e-08 0.999841 -0.0178299 -3.48574 0 0 0 1 0.999836 0.000920983 0.0180642 -0.00112459 0.0180877 -0.0509062 -0.99854 0.062151 -5.74742e-08 0.998703 -0.0509144 -3.48574 0 0 0 1 </float_array>
    <technique_common>
     <accessor source="#Armature_spine1_pose_matrix24-array" count="2" stride="16">
      <param name="TRANSFORM" type="float4x4"/>
     </accessor>
    </technique_common>
   </source>
   <sampler id="Armature_spine1_pose_matrix25">
    <input semantic="INPUT" source="#genericSource21"/>
    <input semantic="OUTPUT" source="#genericSource23"/>
   </sampler>
   <channel source="#Armature_spine1_pose_matrix25" target="spine1/SID_5"/>
  </animation>
  <animation id="Armature_hand_L_pose_matrix">
   <source id="genericSource26">
    <float_array id="Armature_hand_L_pose_matrix27-array" count="2">0 1 </float_array>
    <technique_common>
     <accessor source="#Armature_hand_L_pose_matrix27-array" count="2" stride="1">
      <param name="TIME" type="float"/>
     </accessor>
    </technique_common>
   </source>
   <source id="genericSource28">
    <float_array id="Armature_hand_L_pose_matrix29-array" count="32">0.999688 0.0205702 0.0141724 2.38419e-07 -0.0230969 0.977259 0.210789 3.59697 -0.00951415 -0.21105 0.977429 1.78814e-07 0 0 0 1 0.946185 -0.32362 0.00220206 2.38419e-07 0.307358 0.900727 0.306957 3.59697 -0.101321 -0.289761 0.951721 1.78814e-07 0 0 0 1 </float_array>
    <technique_common>
     <accessor source="#Armature_hand_L_pose_matrix29-array" count="2" stride="16">
      <param name="TRANSFORM" type="float4x4"/>
     </accessor>
    </technique_common>
   </source>
   <sampler id="Armature_hand_L_pose_matrix30">
    <input semantic="INPUT" source="#genericSource26"/>
    <input semantic="OUTPUT" source="#genericSource28"/>
   </sampler>
   <channel source="#Armature_hand_L_pose_matrix30" target="hand_L/SID_6"/>
  </animation>
  <animation id="Armature_lower_leg_L_pose_matrix">
   <source id="genericSource31">
    <float_array id="Armature_lower_leg_L_pose_matrix32-array" count="2">0 1 </float_array>
    <technique_common>
     <accessor source="#Armature_lower_leg_L_pose_matrix32-array" count="2" stride="1">
      <param name="TIME" type="float"/>
     </accessor>
    </technique_common>
   </source>
   <source id="genericSource33">
    <float_array id="Armature_lower_leg_L_pose_matrix34-array" count="32">-0.198762 -0.196659 -0.960114 0 -0.0172217 0.98021 -0.19721 3.71008 0.979896 -0.0226636 -0.198216 -4.76837e-07 0 0 0 1 -0.201425 -0.16059 -0.96625 2.38419e-07 -0.00357445 0.986582 -0.163225 3.71008 0.979498 -0.0294239 -0.199296 2.38419e-07 0 0 0 1 </float_array>
    <technique_common>
     <accessor source="#Armature_lower_leg_L_pose_matrix34-array" count="2" stride="16">
      <param name="TRANSFORM" type="float4x4"/>
     </accessor>
    </technique_common>
   </source>
   <sampler id="Armature_lower_leg_L_pose_matrix35">
    <input semantic="INPUT" source="#genericSource31"/>
    <input semantic="OUTPUT" source="#genericSource33"/>
   </sampler>
   <channel source="#Armature_lower_leg_L_pose_matrix35" target="lower_leg_L/SID_7"/>
  </animation>
  <animation id="Armature_shoulder_R_pose_matrix">
   <source id="genericSource36">
    <float_array id="Armature_shoulder_R_pose_matrix37-array" count="2">0 1 </float_array>
    <technique_common>
     <accessor source="#Armature_shoulder_R_pose_matrix37-array" count="2" stride="1">
      <param name="TIME" type="float"/>
     </accessor>
    </technique_common>
   </source>
   <source id="genericSource38">
    <float_array id="Armature_shoulder_R_pose_matrix39-array" count="32">-2.35667e-07 1 1.66611e-08 0 0.0698437 -1.50088e-10 0.997558 4.21125 0.997558 2.36405e-07 -0.0698437 0 0 0 0 1 -2.35667e-07 1 1.66612e-08 0 0.0698438 -1.50088e-10 0.997558 4.21125 0.997558 2.36405e-07 -0.0698438 0 0 0 0 1 </float_array>
    <technique_common>
     <accessor source="#Armature_shoulder_R_pose_matrix39-array" count="2" stride="16">
      <param name="TRANSFORM" type="float4x4"/>
     </accessor>
    </technique_common>
   </source>
   <sampler id="Armature_shoulder_R_pose_matrix40">
    <input semantic="INPUT" source="#genericSource36"/>
    <input semantic="OUTPUT" source="#genericSource38"/>
   </sampler>
   <channel source="#Armature_shoulder_R_pose_matrix40" target="shoulder_R/SID_8"/>
  </animation>
  <animation id="Armature_knee_R_pose_matrix">
   <source id="genericSource41">
    <float_array id="Armature_knee_R_pose_matrix42-array" count="2">0 1 </float_array>
    <technique_common>
     <accessor source="#Armature_knee_R_pose_matrix42-array" count="2" stride="1">
      <param name="TIME" type="float"/>
     </accessor>
    </technique_common>
   </source>
   <source id="genericSource43">
    <float_array id="Armature_knee_R_pose_matrix44-array" count="32">-0.999837 0.0180233 -0.00152177 0.983334 -0.0180873 -0.996291 0.08412 -0.789298 1.49019e-06 0.0841331 0.996458 -7.24721 0 0 0 1 -0.999837 0.0180233 -0.00152177 0.983334 -0.0180873 -0.996291 0.08412 -0.789298 1.49019e-06 0.0841331 0.996458 -7.24721 0 0 0 1 </float_array>
    <technique_common>
     <accessor source="#Armature_knee_R_pose_matrix44-array" count="2" stride="16">
      <param name="TRANSFORM" type="float4x4"/>
     </accessor>
    </technique_common>
   </source>
   <sampler id="Armature_knee_R_pose_matrix45">
    <input semantic="INPUT" source="#genericSource41"/>
    <input semantic="OUTPUT" source="#genericSource43"/>
   </sampler>
   <channel source="#Armature_knee_R_pose_matrix45" target="knee_R/SID_9"/>
  </animation>
  <animation id="Armature_foot_R_pose_matrix">
   <source id="genericSource46">
    <float_array id="Armature_foot_R_pose_matrix47-array" count="2">0 1 </float_array>
    <technique_common>
     <accessor source="#Armature_foot_R_pose_matrix47-array" count="2" stride="1">
      <param name="TIME" type="float"/>
     </accessor>
    </technique_common>
   </source>
   <source id="genericSource48">
    <float_array id="Armature_foot_R_pose_matrix49-array" count="32">-0.309725 0.917477 0.249613 -2.98023e-08 -0.0958517 0.231057 -0.968207 0 -0.945983 -0.323803 0.0163777 -2.38419e-07 0 0 0 1 -0.309725 0.917477 0.249613 -0.23898 -0.0958517 0.231057 -0.968207 0.0155315 -0.945983 -0.323803 0.0163777 0.0795438 0 0 0 1 </float_array>
    <technique_common>
     <accessor source="#Armature_foot_R_pose_matrix49-array" count="2" stride="16">
      <param name="TRANSFORM" type="float4x4"/>
     </accessor>
    </technique_common>
   </source>
   <sampler id="Armature_foot_R_pose_matrix50">
    <input semantic="INPUT" source="#genericSource46"/>
    <input semantic="OUTPUT" source="#genericSource48"/>
   </sampler>
   <channel source="#Armature_foot_R_pose_matrix50" target="foot_R/SID_10"/>
  </animation>
  <animation id="Armature_upper_arm_L_pose_matrix">
   <source id="genericSource51">
    <float_array id="Armature_upper_arm_L_pose_matrix52-array" count="2">0 1 </float_array>
    <technique_common>
     <accessor source="#Armature_upper_arm_L_pose_matrix52-array" count="2" stride="1">
      <param name="TIME" type="float"/>
     </accessor>
    </technique_common>
   </source>
   <source id="genericSource53">
    <float_array id="Armature_upper_arm_L_pose_matrix54-array" count="32">0.975819 -0.206931 -0.0704029 0 0.128673 0.283462 0.950312 1.99393 -0.176692 -0.936391 0.303234 -2.38419e-07 0 0 0 1 0.561203 -0.827438 -0.0199228 0 0.215343 0.122728 0.968796 1.99393 -0.799174 -0.547982 0.247058 -2.38419e-07 0 0 0 1 </float_array>
    <technique_common>
     <accessor source="#Armature_upper_arm_L_pose_matrix54-array" count="2" stride="16">
      <param name="TRANSFORM" type="float4x4"/>
     </accessor>
    </technique_common>
   </source>
   <sampler id="Armature_upper_arm_L_pose_matrix55">
    <input semantic="INPUT" source="#genericSource51"/>
    <input semantic="OUTPUT" source="#genericSource53"/>
   </sampler>
   <channel source="#Armature_upper_arm_L_pose_matrix55" target="upper_arm_L/SID_11"/>
  </animation>
  <animation id="Armature_hand_R_pose_matrix">
   <source id="genericSource56">
    <float_array id="Armature_hand_R_pose_matrix57-array" count="2">0 1 </float_array>
    <technique_common>
     <accessor source="#Armature_hand_R_pose_matrix57-array" count="2" stride="1">
      <param name="TIME" type="float"/>
     </accessor>
    </technique_common>
   </source>
   <source id="genericSource58">
    <float_array id="Armature_hand_R_pose_matrix59-array" count="32">0.999264 -0.0383083 -0.00183368 2.38419e-07 0.038342 0.996754 0.0707965 3.59697 -0.000884483 -0.0708147 0.997489 2.98023e-08 0 0 0 1 0.985129 0.171321 0.0130741 2.38419e-07 -0.170039 0.98302 -0.0689792 3.59697 -0.0246697 0.0657303 0.997532 2.98023e-08 0 0 0 1 </float_array>
    <technique_common>
     <accessor source="#Armature_hand_R_pose_matrix59-array" count="2" stride="16">
      <param name="TRANSFORM" type="float4x4"/>
     </accessor>
    </technique_common>
   </source>
   <sampler id="Armature_hand_R_pose_matrix60">
    <input semantic="INPUT" source="#genericSource56"/>
    <input semantic="OUTPUT" source="#genericSource58"/>
   </sampler>
   <channel source="#Armature_hand_R_pose_matrix60" target="hand_R/SID_12"/>
  </animation>
  <animation id="Armature_neck_pose_matrix">
   <source id="genericSource61">
    <float_array id="Armature_neck_pose_matrix62-array" count="2">0 1 </float_array>
    <technique_common>
     <accessor source="#Armature_neck_pose_matrix62-array" count="2" stride="1">
      <param name="TIME" type="float"/>
     </accessor>
    </technique_common>
   </source>
   <source id="genericSource63">
    <float_array id="Armature_neck_pose_matrix64-array" count="32">1 1.66521e-08 -2.37836e-07 0 8.90954e-15 0.997558 0.069844 4.21125 2.38419e-07 -0.069844 0.997558 0 0 0 0 1 0.979542 0.191536 -0.0617321 0 -0.196751 0.975944 -0.0939257 4.21125 0.042257 0.10415 0.993663 0 0 0 0 1 </float_array>
    <technique_common>
     <accessor source="#Armature_neck_pose_matrix64-array" count="2" stride="16">
      <param name="TRANSFORM" type="float4x4"/>
     </accessor>
    </technique_common>
   </source>
   <sampler id="Armature_neck_pose_matrix65">
    <input semantic="INPUT" source="#genericSource61"/>
    <input semantic="OUTPUT" source="#genericSource63"/>
   </sampler>
   <channel source="#Armature_neck_pose_matrix65" target="neck/SID_13"/>
  </animation>
  <animation id="Armature_handle_R_pose_matrix">
   <source id="genericSource66">
    <float_array id="Armature_handle_R_pose_matrix67-array" count="2">0 1 </float_array>
    <technique_common>
     <accessor source="#Armature_handle_R_pose_matrix67-array" count="2" stride="1">
      <param name="TIME" type="float"/>
     </accessor>
    </technique_common>
   </source>
   <source id="genericSource68">
    <float_array id="Armature_handle_R_pose_matrix69-array" count="32">1 0 0 0.402415 0 0 1 2.41697 0 -1 0 -9.98983 0 0 0 1 1 0 0 0.402415 0 0 1 2.41697 0 -1 0 -9.98983 0 0 0 1 </float_array>
    <technique_common>
     <accessor source="#Armature_handle_R_pose_matrix69-array" count="2" stride="16">
      <param name="TRANSFORM" type="float4x4"/>
     </accessor>
    </technique_common>
   </source>
   <sampler id="Armature_handle_R_pose_matrix70">
    <input semantic="INPUT" source="#genericSource66"/>
    <input semantic="OUTPUT" source="#genericSource68"/>
   </sampler>
   <channel source="#Armature_handle_R_pose_matrix70" target="handle_R/SID_14"/>
  </animation>
  <animation id="Armature_knee_L_pose_matrix">
   <source id="genericSource71">
    <float_array id="Armature_knee_L_pose_matrix72-array" count="2">0 1 </float_array>
    <technique_common>
     <accessor source="#Armature_knee_L_pose_matrix72-array" count="2" stride="1">
      <param name="TIME" type="float"/>
     </accessor>
    </technique_common>
   </source>
   <source id="genericSource73">
    <float_array id="Armature_knee_L_pose_matrix74-array" count="32">-0.999837 0.0180233 -0.00152177 -0.954143 -0.0180873 -0.996291 0.08412 -0.824348 1.49019e-06 0.0841331 0.996458 -7.24721 0 0 0 1 -0.999837 0.0180233 -0.00152177 -0.954143 -0.0180873 -0.996291 0.08412 -0.824348 1.49019e-06 0.0841331 0.996458 -7.24721 0 0 0 1 </float_array>
    <technique_common>
     <accessor source="#Armature_knee_L_pose_matrix74-array" count="2" stride="16">
      <param name="TRANSFORM" type="float4x4"/>
     </accessor>
    </technique_common>
   </source>
   <sampler id="Armature_knee_L_pose_matrix75">
    <input semantic="INPUT" source="#genericSource71"/>
    <input semantic="OUTPUT" source="#genericSource73"/>
   </sampler>
   <channel source="#Armature_knee_L_pose_matrix75" target="knee_L/SID_15"/>
  </animation>
  <animation id="Armature_head_pose_matrix">
   <source id="genericSource76">
    <float_array id="Armature_head_pose_matrix77-array" count="2">0 1 </float_array>
    <technique_common>
     <accessor source="#Armature_head_pose_matrix77-array" count="2" stride="1">
      <param name="TIME" type="float"/>
     </accessor>
    </technique_common>
   </source>
   <source id="genericSource78">
    <float_array id="Armature_head_pose_matrix79-array" count="32">1 1.49012e-08 2.98023e-08 5.96046e-08 -1.49012e-08 0.976995 -0.213265 0.988585 -1.86265e-08 0.213265 0.976995 4.76837e-07 0 0 0 1 1 2.98023e-08 2.6077e-08 5.96046e-08 -1.49012e-08 0.999584 -0.0288294 0.988585 -2.23517e-08 0.0288293 0.999584 4.76837e-07 0 0 0 1 </float_array>
    <technique_common>
     <accessor source="#Armature_head_pose_matrix79-array" count="2" stride="16">
      <param name="TRANSFORM" type="float4x4"/>
     </accessor>
    </technique_common>
   </source>
   <sampler id="Armature_head_pose_matrix80">
    <input semantic="INPUT" source="#genericSource76"/>
    <input semantic="OUTPUT" source="#genericSource78"/>
   </sampler>
   <channel source="#Armature_head_pose_matrix80" target="head/SID_16"/>
  </animation>
  <animation id="Armature_upper_arm_R_pose_matrix">
   <source id="genericSource81">
    <float_array id="Armature_upper_arm_R_pose_matrix82-array" count="2">0 1 </float_array>
    <technique_common>
     <accessor source="#Armature_upper_arm_R_pose_matrix82-array" count="2" stride="1">
      <param name="TIME" type="float"/>
     </accessor>
    </technique_common>
   </source>
   <source id="genericSource83">
    <float_array id="Armature_upper_arm_R_pose_matrix84-array" count="32">0.983783 0.123519 0.130056 0 -0.15954 0.271249 0.949195 1.99393 0.0819656 -0.954551 0.286557 0 0 0 0 1 0.898213 -0.0701211 0.433932 0 -0.433665 0.0197898 0.900857 1.99393 -0.0717566 -0.997342 -0.0126336 0 0 0 0 1 </float_array>
    <technique_common>
     <accessor source="#Armature_upper_arm_R_pose_matrix84-array" count="2" stride="16">
      <param name="TRANSFORM" type="float4x4"/>
     </accessor>
    </technique_common>
   </source>
   <sampler id="Armature_upper_arm_R_pose_matrix85">
    <input semantic="INPUT" source="#genericSource81"/>
    <input semantic="OUTPUT" source="#genericSource83"/>
   </sampler>
   <channel source="#Armature_upper_arm_R_pose_matrix85" target="upper_arm_R/SID_17"/>
  </animation>
  <animation id="Armature_foot_L_pose_matrix">
   <source id="genericSource86">
    <float_array id="Armature_foot_L_pose_matrix87-array" count="2">0 1 </float_array>
    <technique_common>
     <accessor source="#Armature_foot_L_pose_matrix87-array" count="2" stride="1">
      <param name="TIME" type="float"/>
     </accessor>
    </technique_common>
   </source>
   <source id="genericSource88">
    <float_array id="Armature_foot_L_pose_matrix89-array" count="32">-0.309725 -0.917477 -0.249613 2.98023e-08 0.0958517 0.231057 -0.968207 0 0.945983 -0.323803 0.0163777 -2.38419e-07 0 0 0 1 -0.309725 -0.917477 -0.249613 2.98023e-08 0.0958517 0.231057 -0.968207 0 0.945983 -0.323803 0.0163777 -2.38419e-07 0 0 0 1 </float_array>
    <technique_common>
     <accessor source="#Armature_foot_L_pose_matrix89-array" count="2" stride="16">
      <param name="TRANSFORM" type="float4x4"/>
     </accessor>
    </technique_common>
   </source>
   <sampler id="Armature_foot_L_pose_matrix90">
    <input semantic="INPUT" source="#genericSource86"/>
    <input semantic="OUTPUT" source="#genericSource88"/>
   </sampler>
   <channel source="#Armature_foot_L_pose_matrix90" target="foot_L/SID_18"/>
  </animation>
  <animation id="Armature_upper_leg_L_pose_matrix">
   <source id="genericSource91">
    <float_array id="Armature_upper_leg_L_pose_matrix92-array" count="2">0 1 </float_array>
    <technique_common>
     <accessor source="#Armature_upper_leg_L_pose_matrix92-array" count="2" stride="1">
      <param name="TIME" type="float"/>
     </accessor>
    </technique_common>
   </source>
   <source id="genericSource93">
    <float_array id="Armature_upper_leg_L_pose_matrix94-array" count="32">-0.926757 -0.100671 -0.36192 0 0.370273 -0.082213 -0.925278 1.77848 0.0633942 -0.991517 0.113467 -7.15256e-07 0 0 0 1 -0.9202 -0.164805 -0.355066 0 0.37315 -0.0952173 -0.922872 1.77848 0.118285 -0.98172 0.149115 2.38419e-07 0 0 0 1 </float_array>
    <technique_common>
     <accessor source="#Armature_upper_leg_L_pose_matrix94-array" count="2" stride="16">
      <param name="TRANSFORM" type="float4x4"/>
     </accessor>
    </technique_common>
   </source>
   <sampler id="Armature_upper_leg_L_pose_matrix95">
    <input semantic="INPUT" source="#genericSource91"/>
    <input semantic="OUTPUT" source="#genericSource93"/>
   </sampler>
   <channel source="#Armature_upper_leg_L_pose_matrix95" target="upper_leg_L/SID_19"/>
  </animation>
  <animation id="Armature_spine2_pose_matrix">
   <source id="genericSource96">
    <float_array id="Armature_spine2_pose_matrix97-array" count="2">0 1 </float_array>
    <technique_common>
     <accessor source="#Armature_spine2_pose_matrix97-array" count="2" stride="1">
      <param name="TIME" type="float"/>
     </accessor>
    </technique_common>
   </source>
   <source id="genericSource98">
    <float_array id="Armature_spine2_pose_matrix99-array" count="32">1 7.2267e-09 2.60588e-09 0 -7.30677e-09 0.999483 0.0321576 3.4863 -2.37214e-09 -0.0321576 0.999483 0 0 0 0 1 1 -9.53595e-10 2.50299e-09 0 9.63663e-10 0.999992 -0.00403243 3.4863 -2.49912e-09 0.00403237 0.999992 0 0 0 0 1 </float_array>
    <technique_common>
     <accessor source="#Armature_spine2_pose_matrix99-array" count="2" stride="16">
      <param name="TRANSFORM" type="float4x4"/>
     </accessor>
    </technique_common>
   </source>
   <sampler id="Armature_spine2_pose_matrix100">
    <input semantic="INPUT" source="#genericSource96"/>
    <input semantic="OUTPUT" source="#genericSource98"/>
   </sampler>
   <channel source="#Armature_spine2_pose_matrix100" target="spine2/SID_20"/>
  </animation>
  <animation id="Armature_lower_arm_R_pose_matrix">
   <source id="genericSource101">
    <float_array id="Armature_lower_arm_R_pose_matrix102-array" count="2">0 1 </float_array>
    <technique_common>
     <accessor source="#Armature_lower_arm_R_pose_matrix102-array" count="2" stride="1">
      <param name="TIME" type="float"/>
     </accessor>
    </technique_common>
   </source>
   <source id="genericSource103">
    <float_array id="Armature_lower_arm_R_pose_matrix104-array" count="32">0.997024 -0.076443 -0.00998543 0 0.0743756 0.919703 0.385506 3.66784 -0.0202855 -0.385101 0.922651 -5.96046e-08 0 0 0 1 0.85155 0.470406 0.231476 0 -0.445501 0.882018 -0.153538 3.66784 -0.276391 0.027623 0.960648 -5.96046e-08 0 0 0 1 </float_array>
    <technique_common>
     <accessor source="#Armature_lower_arm_R_pose_matrix104-array" count="2" stride="16">
      <param name="TRANSFORM" type="float4x4"/>
     </accessor>
    </technique_common>
   </source>
   <sampler id="Armature_lower_arm_R_pose_matrix105">
    <input semantic="INPUT" source="#genericSource101"/>
    <input semantic="OUTPUT" source="#genericSource103"/>
   </sampler>
   <channel source="#Armature_lower_arm_R_pose_matrix105" target="lower_arm_R/SID_21"/>
  </animation>
  <animation id="Armature_handle_L_pose_matrix">
   <source id="genericSource106">
    <float_array id="Armature_handle_L_pose_matrix107-array" count="2">0 1 </float_array>
    <technique_common>
     <accessor source="#Armature_handle_L_pose_matrix107-array" count="2" stride="1">
      <param name="TIME" type="float"/>
     </accessor>
    </technique_common>
   </source>
   <source id="genericSource108">
    <float_array id="Armature_handle_L_pose_matrix109-array" count="32">1 0 0 -0.402415 0 0 1 2.41697 0 -1 0 -9.98983 0 0 0 1 1 0 0 -0.402415 0 0 1 2.41697 0 -1 0 -9.98983 0 0 0 1 </float_array>
    <technique_common>
     <accessor source="#Armature_handle_L_pose_matrix109-array" count="2" stride="16">
      <param name="TRANSFORM" type="float4x4"/>
     </accessor>
    </technique_common>
   </source>
   <sampler id="Armature_handle_L_pose_matrix110">
    <input semantic="INPUT" source="#genericSource106"/>
    <input semantic="OUTPUT" source="#genericSource108"/>
   </sampler>
   <channel source="#Armature_handle_L_pose_matrix110" target="handle_L/SID_22"/>
  </animation>
  <animation id="Armature_shoulder_L_pose_matrix">
   <source id="genericSource111">
    <float_array id="Armature_shoulder_L_pose_matrix112-array" count="2">0 1 </float_array>
    <technique_common>
     <accessor source="#Armature_shoulder_L_pose_matrix112-array" count="2" stride="1">
      <param name="TIME" type="float"/>
     </accessor>
    </technique_common>
   </source>
   <source id="genericSource113">
    <float_array id="Armature_shoulder_L_pose_matrix114-array" count="32">2.35667e-07 -1 1.66611e-08 0 -0.0698438 1.50086e-10 0.997558 4.21125 -0.997558 -2.36405e-07 -0.0698437 0 0 0 0 1 2.35667e-07 -1 1.66611e-08 0 -0.0698438 1.50086e-10 0.997558 4.21125 -0.997558 -2.36405e-07 -0.0698437 0 0 0 0 1 </float_array>
    <technique_common>
     <accessor source="#Armature_shoulder_L_pose_matrix114-array" count="2" stride="16">
      <param name="TRANSFORM" type="float4x4"/>
     </accessor>
    </technique_common>
   </source>
   <sampler id="Armature_shoulder_L_pose_matrix115">
    <input semantic="INPUT" source="#genericSource111"/>
    <input semantic="OUTPUT" source="#genericSource113"/>
   </sampler>
   <channel source="#Armature_shoulder_L_pose_matrix115" target="shoulder_L/SID_23"/>
  </animation>
  <animation id="Armature_hip_R_pose_matrix">
   <source id="genericSource116">
    <float_array id="Armature_hip_R_pose_matrix117-array" count="2">0 1 </float_array>
    <technique_common>
     <accessor source="#Armature_hip_R_pose_matrix117-array" count="2" stride="1">
      <param name="TIME" type="float"/>
     </accessor>
    </technique_common>
   </source>
   <source id="genericSource118">
    <float_array id="Armature_hip_R_pose_matrix119-array" count="32">-0.173157 0.978617 0.111018 1.2559e-09 0.100348 -0.0946036 0.990444 -4.76837e-07 0.979769 0.182643 -0.0818209 -7.15256e-07 0 0 0 1 -0.173157 0.978617 0.111018 1.2559e-09 0.100348 -0.0946036 0.990444 -4.76837e-07 0.979769 0.182643 -0.0818209 -7.15256e-07 0 0 0 1 </float_array>
    <technique_common>
     <accessor source="#Armature_hip_R_pose_matrix119-array" count="2" stride="16">
      <param name="TRANSFORM" type="float4x4"/>
     </accessor>
    </technique_common>
   </source>
   <sampler id="Armature_hip_R_pose_matrix120">
    <input semantic="INPUT" source="#genericSource116"/>
    <input semantic="OUTPUT" source="#genericSource118"/>
   </sampler>
   <channel source="#Armature_hip_R_pose_matrix120" target="hip_R/SID_24"/>
  </animation>
  <animation id="Armature_lower_arm_L_pose_matrix">
   <source id="genericSource121">
    <float_array id="Armature_lower_arm_L_pose_matrix122-array" count="2">0 1 </float_array>
    <technique_common>
     <accessor source="#Armature_lower_arm_L_pose_matrix122-array" count="2" stride="1">
      <param name="TIME" type="float"/>
     </accessor>
    </technique_common>
   </source>
   <source id="genericSource123">
    <float_array id="Armature_lower_arm_L_pose_matrix124-array" count="32">0.993151 -0.0340782 0.111758 1.19209e-07 -0.0254137 0.87061 0.491317 3.66784 -0.114041 -0.490792 0.863781 -2.38419e-07 0 0 0 1 0.449796 -0.861411 -0.235913 1.19209e-07 0.0991407 -0.214353 0.971712 3.66784 -0.887612 -0.460461 -0.0110145 -2.38419e-07 0 0 0 1 </float_array>
    <technique_common>
     <accessor source="#Armature_lower_arm_L_pose_matrix124-array" count="2" stride="16">
      <param name="TRANSFORM" type="float4x4"/>
     </accessor>
    </technique_common>
   </source>
   <sampler id="Armature_lower_arm_L_pose_matrix125">
    <input semantic="INPUT" source="#genericSource121"/>
    <input semantic="OUTPUT" source="#genericSource123"/>
   </sampler>
   <channel source="#Armature_lower_arm_L_pose_matrix125" target="lower_arm_L/SID_25"/>
  </animation>
 </library_animations>
 <library_cameras>
  <camera id="Camera-camera" name="Camera">
   <optics>
    <technique_common>
     <perspective>
      <xfov>14.934</xfov>
      <znear>80</znear>
      <zfar>100</zfar>
     </perspective>
    </technique_common>
   </optics>
   <extra>
    <technique profile="SceneKit">
     <depth_of_field>
      <focal_depth>10</focal_depth>
      <sample_radius>0</sample_radius>
      <focal_size>0</focal_size>
      <focal_aperture>0.125</focal_aperture>
     </depth_of_field>
    </technique>
   </extra>
  </camera>
 </library_cameras>
 <library_lights>
  <light id="omni" name="omni">
   <technique_common>
    <point>
     <color>0.999677 1 0.99971</color>
     <constant_attenuation>0</constant_attenuation>
     <linear_attenuation>0</linear_attenuation>
     <quadratic_attenuation>1</quadratic_attenuation>
    </point>
   </technique_common>
   <extra>
    <technique profile="SceneKit">
     <attenuationStart>0</attenuationStart>
     <attenuationEnd>0</attenuationEnd>
     <attenuationFalloffExponent>2</attenuationFalloffExponent>
     <intensity>1000</intensity>
    </technique>
   </extra>
  </light>
 </library_lights>
 <library_materials>
  <material id="material126">
   <instance_effect url="#effect_material126"/>
  </material>
  <material id="body-material" name="body">
   <instance_effect url="#effect_body-material"/>
  </material>
 </library_materials>
 <library_effects>
  <effect id="effect_material126">
   <profile_COMMON>
    <technique sid="common">
     <blinn>
      <shininess>
       <float>0.022516</float>
      </shininess>
      <transparency>
       <float>1</float>
      </transparency>
      <index_of_refraction>
       <float>1</float>
      </index_of_refraction>
     </blinn>
    </technique>
   </profile_COMMON>
   <extra>
    <technique profile="SceneKit">
     <litPerPixel>1</litPerPixel>
     <ambient_diffuse_lock>1</ambient_diffuse_lock>
    </technique>
   </extra>
  </effect>
  <effect id="effect_body-material">
   <profile_COMMON>
    <technique sid="common">
     <phong>
      <ambient>
       <color>0 0 0 1</color>
      </ambient>
      <diffuse>
       <color>1 0.886822 0.655989 1</color>
      </diffuse>
      <specular>
       <color>0.5 0.5 0.5 1</color>
      </specular>
      <shininess>
       <float>50</float>
      </shininess>
      <transparency>
       <float>1</float>
      </transparency>
      <index_of_refraction>
       <float>1</float>
      </index_of_refraction>
     </phong>
    </technique>
   </profile_COMMON>
   <extra>
    <technique profile="SceneKit">
     <litPerPixel>1</litPerPixel>
     <ambient_diffuse_lock>1</ambient_diffuse_lock>
    </technique>
   </extra>
  </effect>
 </library_effects>
 <library_geometries>
  <geometry id="Plane_001-mesh" name="Plane_001">
   <mesh>
    <source id="Plane_001-mesh-positions">
